11 11 11 11 11 11 11 11 11 11 11 11 11 11 11 11 11 11 11 11 11 11 11 11 11 11 11 11 11 11 11 11 11 11 11 11 11 11 11 11 11 11 11 11 11 11 11 11 11 11 11 11 11 11 11 11 11 11 11 11 11 11 11 11 11 11 11 11 11 11 11 11 11 11 11 11 11 11 11 11
11 13 13 13 13 13 13 13 13 13 13 13 13 13 13 13 13 13 13 13 13 13 13 13 13 13 13 13 13 13 13 13 13 13 13 13 13 13 13 13 13 13 13 13 13 13 13 13 13 13 13 13 13 13 13 13 13 13 13 13 13 17 13 13 13 13 13 13 13 13 13 13 13 13 13 13 13 13 13 11
11 13 13 13 13 13 13 13 13 13 13 13 13 13 13 13 13 13 13 13 13 13 13 13 13 13 13 13 13 13 13 13 13 13 13 13 13 13 13 13 13 13 13 13 13 13 13 13 13 13 13 13 13 13 13 13 13 13 13 13 13 17 13 13 13 13 13 13 13 13 13 13 13 13 13 13 13 13 13 11
11 13 13 13 13 13 13 13 13 13 13 13 13 13 13 13 13 13 13 13 13 13 13 13 13 13 13 13 13 13 13 13 13 13 13 13 13 13 13 13 13 13 13 13 13 13 13 13 13 13 13 13 13 13 13 13 13 13 13 13 13 17 13 13 13 13 13 13 13 13 13 13 13 13 13 13 13 13 13 11
11 13 13 13 13 13 13 13 13 13 13 13 13 13 13 13 13 13 13 13 13 13 13 13 13 13 13 11 11 11 13 13 13 13 13 13 13 13 13 13 13 13 13 13 13 13 13 13 13 13 13 13 13 13 13 13 13 13 13 13 13 17 13 13 13 13 13 13 13 13 13 13 13 11 11 11 13 13 13 11
11 13 13 13 13 13 13 13 13 13 13 13 13 13 13 13 13 13 13 13 13 13 13 13 13 13 13 11 13 11 13 13 13 13 13 13 13 13 13 13 13 13 13 13 13 13 13 13 13 13 13 13 13 13 11 11 11 13 13 13 11 11 11 13 13 13 11 11 11 13 13 13 13 11 13 11 13 13 13 11
11 13 13 13 13 13 13 13 13 13 13 13 13 13 13 13 13 13 13 13 13 13 13 13 13 13 13 11 13 11 13 13 13 13 13 13 13 13 13 13 13 13 13 13 13 13 13 13 13 13 13 13 13 13 11 13 11 13 13 13 11 13 11 13 13 13 11 13 11 13 13 13 13 11 13 11 13 13 13 11
11 13 13 13 13 13 13 13 13 13 13 13 13 13 13 13 13 13 13 13 13 13 13 13 13 13 13 11 13 11 13 13 13 13 13 13 13 13 13 13 13 13 13 13 13 13 13 13 13 13 13 13 13 13 11 11 11 13 13 13 11 11 11 13 13 13 11 11 11 13 13 13 13 11 13 11 13 13 13 11
11 13 13 13 13 13 13 13 13 13 13 13 13 13 13 13 13 13 13 13 13 13 13 13 13 13 13 11 13 11 13 13 13 13 13 13 13 13 13 13 13 13 13 13 13 13 13 13 13 13 13 13 13 13 13 17 13 13 13 13 13 13 13 13 13 13 13 13 13 13 13 13 13 11 13 11 13 13 13 11
11 11 11 11 11 11 11 11 11 11 11 11 11 13 13 13 13 13 13 13 13 13 13 13 13 13 13 11 13 11 13 13 13 13 13 13 13 13 13 13 13 13 13 13 13 13 13 13 13 13 13 13 13 13 13 17 13 13 13 13 13 13 13 13 13 13 13 13 13 13 13 13 13 11 13 11 13 13 13 11
11 13 13 13 13 13 13 13 13 13 13 13 11 13 13 13 13 13 13 13 13 11 11 11 13 13 13 11 13 11 13 13 13 11 11 11 11 11 13 13 13 13 13 13 13 13 13 13 13 13 13 13 13 13 13 17 13 13 13 13 13 13 13 13 13 13 13 13 13 13 13 13 13 11 13 11 13 13 13 11
11 13 13 13 13 13 13 13 13 13 13 13 11 17 17 17 17 17 17 17 17 11 13 11 13 13 13 11 13 11 13 13 13 11 13 13 13 11 13 13 13 13 13 13 13 13 13 13 13 13 13 13 13 13 13 17 13 13 13 13 13 13 13 13 13 13 13 13 13 13 13 13 13 11 13 11 13 13 13 11
11 13 13 13 13 13 13 13 13 13 13 13 11 17 17 17 17 17 17 17 17 11 13 11 13 13 13 11 11 11 13 13 13 11 13 13 13 11 13 13 13 13 13 13 13 13 13 13 13 13 13 11 11 11 11 11 11 11 11 11 11 11 11 11 11 11 13 13 13 11 11 11 11 11 13 11 13 13 13 11
11 13 13 13 13 13 13 13 13 13 13 13 11 17 17 17 17 17 17 17 17 11 13 11 13 13 13 13 13 13 13 13 13 11 13 13 13 11 13 13 13 13 13 13 13 13 13 13 13 13 13 11 13 13 13 13 13 13 13 13 13 13 13 13 13 11 13 13 13 11 13 13 13 13 13 11 13 13 13 11
11 13 13 13 13 13 13 13 13 13 13 13 11 11 11 11 11 11 11 11 11 11 13 11 13 13 13 13 13 13 13 13 13 11 13 13 13 11 13 13 13 13 13 13 13 13 13 13 13 13 13 11 13 13 13 13 13 13 13 13 13 13 13 13 13 11 13 13 13 11 13 13 13 13 13 11 13 13 13 11
11 13 13 13 13 13 13 13 13 13 13 13 13 13 13 13 13 13 13 13 13 13 13 11 13 13 13 13 13 13 13 13 13 11 13 13 13 11 17 17 17 17 17 17 17 17 17 17 17 17 17 11 13 13 13 13 13 13 13 13 13 13 13 13 13 11 13 13 13 11 13 13 13 13 13 11 13 13 13 11
11 13 13 13 13 13 13 13 13 13 13 13 13 13 13 13 13 13 13 13 13 13 13 11 13 13 13 13 13 13 13 13 13 11 13 13 13 11 17 17 17 17 17 17 17 17 17 17 17 17 17 11 13 13 13 11 11 11 11 11 11 11 11 11 11 11 13 13 13 11 13 13 13 13 13 11 13 13 13 11
11 13 13 13 13 13 13 13 13 13 13 13 13 13 13 13 13 13 13 13 13 13 13 11 11 11 11 11 11 11 11 11 11 11 13 13 13 11 11 11 11 11 11 11 11 11 11 11 11 11 11 11 13 13 13 11 13 13 13 13 13 13 13 13 13 13 13 13 13 11 13 11 17 17 17 17 17 17 17 11
11 13 13 13 13 13 13 13 13 13 13 13 13 13 13 13 13 13 13 13 13 13 13 13 13 13 13 13 13 13 13 13 13 13 13 13 13 13 13 13 13 13 13 13 13 13 13 13 13 13 13 13 13 13 13 11 13 13 13 13 13 13 13 13 13 13 13 13 13 11 13 11 17 17 17 17 17 17 17 11
11 13 13 13 13 13 13 13 13 13 13 13 13 13 13 13 13 13 13 13 13 13 13 13 13 13 13 13 13 13 13 13 13 13 13 13 13 13 13 13 13 13 13 13 13 13 13 13 13 13 13 13 13 13 13 11 13 13 13 13 13 13 13 13 13 13 13 13 13 11 13 11 17 17 17 17 17 17 17 11
11 13 13 13 13 13 13 13 13 13 13 13 13 13 13 13 13 13 13 13 13 13 13 13 13 13 13 13 13 13 13 13 13 13 13 13 13 13 13 13 13 13 13 13 13 13 13 13 13 13 13 13 13 13 13 11 13 13 13 13 13 13 13 13 13 13 13 13 13 11 13 11 17 17 17 11 11 11 11 11
11 11 11 11 11 11 11 11 11 11 11 11 11 11 11 11 11 11 11 11 11 11 11 11 11 11 11 11 11 11 11 11 11 11 11 11 11 11 11 11 11 11 11 11 11 11 11 11 11 11 11 11 11 11 11 11 13 13 13 13 13 13 13 13 13 13 13 13 13 11 13 11 17 17 17 11 13 13 13 11
11 13 13 13 13 13 13 13 13 13 13 13 13 13 13 13 13 13 13 13 13 13 13 13 13 13 13 13 13 13 13 13 13 13 13 13 13 13 13 13 13 13 13 13 13 13 13 13 13 13 13 13 13 13 13 13 13 13 13 13 13 13 13 13 13 13 13 13 13 11 13 11 17 17 17 11 13 13 13 11
11 13 13 13 13 13 13 13 13 13 13 13 13 13 13 13 13 13 13 13 13 13 13 13 13 13 13 13 13 13 13 13 13 13 13 13 13 13 13 13 13 13 13 13 13 13 13 13 13 13 13 13 13 13 13 13 13 13 13 13 13 13 13 13 13 13 13 13 13 11 13 11 17 17 17 11 13 13 13 11
11 13 13 13 13 13 13 13 13 13 13 13 13 13 13 13 13 13 13 13 13 13 13 13 13 13 13 13 13 13 13 13 13 13 13 13 13 13 13 13 13 13 13 13 13 13 13 13 13 13 13 13 13 13 13 13 13 13 13 13 13 13 13 13 13 13 13 13 13 11 13 11 17 17 17 11 11 11 11 11
11 13 13 13 13 13 13 13 13 13 13 13 13 13 13 13 13 13 13 13 13 13 13 13 13 13 13 13 13 13 13 13 13 13 13 13 13 13 13 13 13 13 13 13 13 13 13 13 13 13 13 13 13 13 13 13 13 13 13 13 13 13 13 13 13 13 13 13 13 11 13 11 17 17 17 17 17 17 17 11
11 13 13 13 13 13 13 13 13 13 13 13 13 13 13 13 13 13 13 13 13 13 13 13 13 13 13 13 13 13 13 13 13 13 13 13 13 13 13 13 13 13 13 13 13 13 13 13 13 13 13 13 13 13 13 13 13 13 13 13 13 13 13 13 13 13 13 13 13 11 13 11 17 17 17 17 17 17 17 11
11 13 13 13 13 13 13 13 13 13 13 13 13 13 13 13 13 13 13 13 13 13 13 13 13 13 13 13 13 13 13 13 13 13 13 13 13 13 13 13 13 13 13 13 13 13 13 13 13 13 13 13 13 13 13 13 13 13 13 13 13 13 13 13 13 13 13 13 13 11 13 11 17 17 17 17 17 17 17 11
11 11 11 13 11 11 11 11 11 11 13 13 13 13 13 13 13 13 13 13 13 11 13 13 13 13 13 13 13 13 13 13 13 11 11 11 11 11 11 11 11 11 11 11 11 11 11 11 11 11 11 11 11 11 11 11 11 11 11 11 11 11 11 11 11 11 11 11 11 11 13 11 11 11 11 11 11 11 11 11
11 13 11 13 11 13 13 13 13 11 17 17 17 17 17 17 17 17 17 17 17 11 17 17 17 17 17 17 17 17 17 17 17 11 13 13 13 13 13 13 13 13 13 13 13 13 13 13 13 13 13 13 11 13 13 13 13 13 13 13 11 13 13 13 13 13 13 13 13 13 13 13 13 13 13 13 13 13 13 11
11 13 11 13 11 13 13 13 13 11 17 17 17 17 17 17 17 17 17 17 17 11 17 17 17 17 17 17 17 17 17 17 17 11 13 13 13 13 13 13 13 13 13 13 13 13 13 13 13 13 13 13 11 13 13 13 13 13 13 13 11 13 13 13 13 13 13 13 13 13 13 13 13 13 13 13 13 13 13 11
11 13 11 13 11 13 13 13 13 11 17 17 17 17 17 17 17 17 17 17 17 11 17 17 17 17 17 17 17 17 17 17 17 11 13 13 13 13 13 13 13 13 13 13 13 13 13 13 13 13 13 13 11 13 13 13 13 13 13 13 11 13 13 13 13 13 13 13 13 13 13 13 13 13 13 13 13 13 13 11
11 13 11 13 11 13 13 13 13 11 17 17 17 17 17 17 17 17 17 17 17 11 17 17 17 17 17 17 17 17 17 17 17 11 13 13 13 13 13 13 13 13 13 13 13 13 13 13 13 13 13 13 11 13 13 13 11 17 17 17 17 17 17 17 11 11 11 11 11 11 11 11 11 11 11 11 11 11 11 11
11 11 11 13 11 11 11 13 13 11 11 11 11 11 11 11 11 11 11 11 11 11 11 11 11 11 11 11 11 11 11 11 11 11 13 13 13 13 13 13 13 13 13 13 13 13 13 13 13 13 13 13 11 13 13 13 11 17 17 17 17 17 17 17 11 13 13 13 13 13 13 13 13 13 13 13 13 13 13 11
11 13 13 13 13 13 11 13 13 13 13 13 13 13 13 13 13 13 13 13 13 13 13 13 13 13 13 13 13 13 13 13 13 13 13 13 13 13 13 13 13 13 13 13 13 13 13 13 13 13 13 13 11 13 13 13 11 17 17 17 17 17 17 17 11 13 13 13 13 13 13 13 13 13 13 13 13 13 13 11
11 13 13 13 13 13 11 11 11 11 11 11 11 11 11 11 11 11 11 11 11 11 11 11 11 11 11 11 11 11 11 11 11 11 11 11 11 11 11 11 11 11 11 11 11 11 11 11 11 11 11 11 11 13 13 13 11 11 11 11 11 11 11 11 11 13 13 13 13 13 13 13 13 13 13 13 13 13 13 11
11 13 13 13 13 13 13 13 13 13 13 13 13 13 13 13 13 13 13 13 13 13 13 13 13 13 13 13 13 13 13 13 13 13 13 13 13 13 13 13 13 13 13 13 13 13 13 13 13 13 13 13 13 13 13 13 13 13 13 13 13 13 13 13 13 13 13 13 13 13 13 13 13 13 13 13 13 13 13 11
11 13 13 13 13 13 13 13 13 13 13 13 13 13 13 13 13 13 13 13 13 13 13 13 13 13 13 13 13 13 13 13 13 13 13 13 13 13 13 13 13 13 13 13 13 13 13 13 13 13 13 13 13 13 13 13 13 13 13 13 13 13 13 13 13 13 13 13 13 13 13 13 13 13 13 13 13 13 13 11
11 13 13 13 13 13 13 13 13 13 13 13 13 13 13 13 13 13 13 13 13 13 13 13 13 13 13 13 13 13 13 13 13 13 13 13 13 13 13 13 13 13 13 13 13 13 13 13 13 13 13 13 13 13 13 13 13 13 13 13 13 13 13 13 13 13 13 13 13 13 13 13 13 13 13 13 13 13 13 11
11 11 11 11 11 11 11 11 11 11 11 11 11 11 11 11 11 11 11 11 11 11 11 11 11 11 11 11 11 11 11 11 11 11 11 11 11 11 11 11 11 11 11 11 11 11 11 11 11 11 11 11 11 11 11 11 11 11 11 11 11 11 11 11 11 11 11 11 11 11 11 11 11 11 11 11 11 11 11 11
11 11 11 11 11 11 11 11 11 11 11 11 11 11 11 11 11 11 11 11 11 11 11 11 11 11 11 11 11 11 11 11 11 11 11 11 11 11 11 11 11 11 11 11 11 11 11 11 11 11 11 11 11 11 11 11 11 11 11 11 11 11 11 11 11 11 11 11 11 11 11 11 11 11 11 11 11 11 11 11
11 13 13 13 13 13 13 13 13 13 13 13 13 13 13 13 13 13 13 13 13 13 13 13 13 13 13 13 13 13 13 13 13 13 13 13 13 13 13 13 13 13 13 13 13 13 13 13 13 13 13 13 13 13 13 13 13 13 13 13 13 17 13 13 13 13 13 13 13 13 13 13 13 13 13 13 13 13 13 11
11 13 13 13 13 13 13 13 13 13 13 13 13 13 13 13 13 13 13 13 13 13 13 13 13 13 13 13 13 13 13 13 13 13 13 13 13 13 13 13 13 13 13 13 13 13 13 13 13 13 13 13 13 13 13 13 13 13 13 13 13 17 13 13 13 13 13 13 13 13 13 13 13 13 13 13 13 13 13 11
11 13 13 13 13 13 13 13 13 13 13 13 13 13 13 13 13 13 13 13 13 13 13 13 13 13 13 13 13 13 13 13 13 13 13 13 13 13 13 13 13 13 13 13 13 13 13 13 13 13 13 13 13 13 13 13 13 13 13 13 13 17 13 13 13 13 13 13 13 13 13 13 13 13 13 13 13 13 13 11
11 13 13 13 13 13 13 13 13 13 13 13 13 13 13 13 13 13 13 13 13 13 13 13 13 13 13 11 11 11 13 13 13 13 13 13 13 13 13 13 13 13 13 13 13 13 13 13 13 13 13 13 13 13 13 13 13 13 13 13 13 17 13 13 13 13 13 13 13 13 13 13 13 11 11 11 13 13 13 11
11 13 13 13 13 13 13 13 13 13 13 13 13 13 13 13 13 13 13 13 13 13 13 13 13 13 13 11 13 11 13 13 13 13 13 13 13 13 13 13 13 13 13 13 13 13 13 13 13 13 13 13 13 13 11 11 11 13 13 13 11 11 11 13 13 13 11 11 11 13 13 13 13 11 13 11 13 13 13 11
11 13 13 13 13 13 13 13 13 13 13 13 13 13 13 13 13 13 13 13 13 13 13 13 13 13 13 11 13 11 13 13 13 13 13 13 13 13 13 13 13 13 13 13 13 13 13 13 13 13 13 13 13 13 11 13 11 13 13 13 11 13 11 13 13 13 11 13 11 13 13 13 13 11 13 11 13 13 13 11
11 13 13 13 13 13 13 13 13 13 13 13 13 13 13 13 13 13 13 13 13 13 13 13 13 13 13 11 13 11 13 13 13 13 13 13 13 13 13 13 13 13 13 13 13 13 13 13 13 13 13 13 13 13 11 11 11 13 13 13 11 11 11 13 13 13 11 11 11 13 13 13 13 11 13 11 13 13 13 11
11 13 13 13 13 13 13 13 13 13 13 13 13 13 13 13 13 13 13 13 13 13 13 13 13 13 13 11 13 11 13 13 13 13 13 13 13 13 13 13 13 13 13 13 13 13 13 13 13 13 13 13 13 13 13 17 13 13 13 13 13 13 13 13 13 13 13 13 13 13 13 13 13 11 13 11 13 13 13 11
11 11 11 11 11 11 11 11 11 11 11 11 11 13 13 13 13 13 13 13 13 13 13 13 13 13 13 11 13 11 13 13 13 13 13 13 13 13 13 13 13 13 13 13 13 13 13 13 13 13 13 13 13 13 13 17 13 13 13 13 13 13 13 13 13 13 13 13 13 13 13 13 13 11 13 11 13 13 13 11
11 13 13 13 13 13 13 13 13 13 13 13 11 13 13 13 13 13 13 13 13 11 11 11 13 13 13 11 13 11 13 13 13 11 11 11 11 11 13 13 13 13 13 13 13 13 13 13 13 13 13 13 13 13 13 17 13 13 13 13 13 13 13 13 13 13 13 13 13 13 13 13 13 11 13 11 13 13 13 11
11 13 13 13 13 13 13 13 13 13 13 13 11 13 13 13 13 13 13 13 13 11 13 11 13 13 13 11 13 11 13 13 13 11 13 13 13 11 13 13 13 13 13 13 13 13 13 13 13 13 13 13 13 13 13 17 13 13 13 13 13 13 13 13 13 13 13 13 13 13 13 13 13 11 13 11 13 13 13 11
11 13 13 13 13 13 13 13 13 13 13 13 11 13 13 13 13 13 13 13 13 11 13 11 13 13 13 11 11 11 13 13 13 11 13 13 13 11 13 13 13 13 13 13 13 13 13 13 13 13 13 11 11 11 11 11 11 11 11 11 11 11 11 11 11 11 13 13 13 11 11 11 11 11 13 11 13 13 13 11
11 13 13 13 13 13 13 13 13 13 13 13 11 13 13 13 13 13 13 13 13 11 13 11 13 13 13 13 13 13 13 13 13 11 13 13 13 11 13 13 13 13 13 13 13 13 13 13 13 13 13 11 13 13 13 13 13 13 13 13 13 13 13 13 13 11 13 13 13 11 13 13 13 13 13 11 13 13 13 11
11 13 13 13 13 13 13 13 13 13 13 13 11 11 11 11 11 11 11 11 11 11 13 11 13 13 13 13 13 13 13 13 13 11 13 13 13 11 13 13 13 13 13 13 13 13 13 13 13 13 13 11 13 13 13 13 13 13 13 13 13 13 13 13 13 11 13 13 13 11 13 13 13 13 13 11 13 13 13 11
11 13 13 13 13 13 13 13 13 13 13 13 13 13 13 13 13 13 13 13 13 13 13 11 13 13 13 13 13 13 13 13 13 11 13 13 13 11 17 17 17 17 17 17 17 17 17 17 17 17 17 11 13 13 13 13 13 13 13 13 13 13 13 13 13 11 13 13 13 11 13 13 13 13 13 11 13 13 13 11
11 13 13 13 13 13 13 13 13 13 13 13 13 13 13 13 13 13 13 13 13 13 13 11 13 13 13 13 13 13 13 13 13 11 13 13 13 11 17 17 17 17 17 17 17 17 17 17 17 17 17 11 13 13 13 11 11 11 11 11 11 11 11 11 11 11 13 13 13 11 13 13 13 13 13 11 13 13 13 11
11 13 13 13 13 13 13 13 13 13 13 13 13 13 13 13 13 13 13 13 13 13 13 11 11 11 11 11 11 11 11 11 11 11 13 13 13 11 11 11 11 11 11 11 11 11 11 11 11 11 11 11 13 13 13 11 13 13 13 13 13 13 13 13 13 13 13 13 13 11 13 11 17 17 17 17 17 17 17 11
11 13 13 13 13 13 13 13 13 13 13 13 13 13 13 13 13 13 13 13 13 13 13 13 13 13 13 13 13 13 13 13 13 13 13 13 13 13 13 13 13 13 13 13 13 13 13 13 13 13 13 13 13 13 13 11 13 13 13 13 13 13 13 13 13 13 13 13 13 11 13 11 17 17 17 17 17 17 17 11
11 13 13 13 13 13 13 13 13 13 13 13 13 13 13 13 13 13 13 13 13 13 13 13 13 13 13 13 13 13 13 13 13 13 13 13 13 13 13 13 13 13 13 13 13 13 13 13 13 13 13 13 13 13 13 11 13 13 13 13 13 13 13 13 13 13 13 13 13 11 13 11 17 17 17 17 17 17 17 11
11 13 13 13 13 13 13 13 13 13 13 13 13 13 13 13 13 13 13 13 13 13 13 13 13 13 13 13 13 13 13 13 13 13 13 13 13 13 13 13 13 13 13 13 13 13 13 13 13 13 13 13 13 13 13 11 13 13 13 13 13 13 13 13 13 13 13 13 13 11 13 11 17 17 17 11 11 11 11 11
11 11 11 11 11 11 11 11 11 11 11 11 11 11 11 11 11 11 11 11 11 11 11 11 11 11 11 11 11 11 11 11 11 11 11 11 11 11 11 11 11 11 11 11 11 11 11 11 11 11 11 11 11 11 11 11 13 13 13 13 13 13 13 13 13 13 13 13 13 11 13 11 17 17 17 11 13 13 13 11
11 13 13 13 13 13 13 13 13 13 13 13 13 13 13 13 13 13 13 13 13 13 13 13 13 13 13 13 13 13 13 13 13 13 13 13 13 13 13 13 13 13 13 13 13 13 13 13 13 13 13 13 13 13 13 13 13 13 13 13 13 13 13 13 13 13 13 13 13 11 13 11 17 17 17 11 13 13 13 11
11 13 13 13 13 13 13 13 13 13 13 13 13 13 13 13 13 13 13 13 13 13 13 13 13 13 13 13 13 13 13 13 13 13 13 13 13 13 13 13 13 13 13 13 13 13 13 13 13 13 13 13 13 13 13 13 13 13 13 13 13 13 13 13 13 13 13 13 13 11 13 11 17 17 17 11 13 13 13 11
11 13 13 13 13 13 13 13 13 13 13 13 13 13 13 13 13 13 13 13 13 13 13 13 13 13 13 13 13 13 13 13 13 13 13 13 13 13 13 13 13 13 13 13 13 13 13 13 13 13 13 13 13 13 13 13 13 13 13 13 13 13 13 13 13 13 13 13 13 11 13 11 17 17 17 11 11 11 11 11
11 13 13 13 13 13 13 13 13 13 13 13 13 13 13 13 13 13 13 13 13 13 13 13 13 13 13 13 13 13 13 13 13 13 13 13 13 13 13 13 13 13 13 13 13 13 13 13 13 13 13 13 13 13 13 13 13 13 13 13 13 13 13 13 13 13 13 13 13 11 13 11 17 17 17 17 17 17 17 11
11 13 13 13 13 13 13 13 13 13 13 13 13 13 13 13 13 13 13 13 13 13 13 13 13 13 13 13 13 13 13 13 13 13 13 13 13 13 13 13 13 13 13 13 13 13 13 13 13 13 13 13 13 13 13 13 13 13 13 13 13 13 13 13 13 13 13 13 13 11 13 11 17 17 17 17 17 17 17 11
11 13 13 13 13 13 13 13 13 13 13 13 13 13 13 13 13 13 13 13 13 13 13 13 13 13 13 13 13 13 13 13 13 13 13 13 13 13 13 13 13 13 13 13 13 13 13 13 13 13 13 13 13 13 13 13 13 13 13 13 13 13 13 13 13 13 13 13 13 11 13 11 17 17 17 17 17 17 17 11
11 11 11 13 11 11 11 11 11 11 13 13 13 13 13 13 13 13 13 13 13 11 13 13 13 13 13 13 13 13 13 13 13 11 11 11 11 11 11 11 11 11 11 11 11 11 11 11 11 11 11 11 11 11 11 11 11 11 11 11 11 11 11 11 11 11 11 11 11 11 13 11 11 11 11 11 11 11 11 11
11 13 11 13 11 13 13 13 13 11 17 17 17 17 17 17 17 17 17 17 17 11 17 17 17 17 17 17 17 17 17 17 17 11 13 13 13 13 13 13 13 13 13 13 13 13 13 13 13 13 13 13 11 13 13 13 13 13 13 13 11 13 13 13 13 13 13 13 13 13 13 13 13 13 13 13 13 13 13 11
11 13 11 13 11 13 13 13 13 11 17 17 17 17 17 17 17 17 17 17 17 11 17 17 17 17 17 17 17 17 17 17 17 11 13 13 13 13 13 13 13 13 13 13 13 13 13 13 13 13 13 13 11 13 13 13 13 13 13 13 11 13 13 13 13 13 13 13 13 13 13 13 13 13 13 13 13 13 13 11
11 13 11 13 11 13 13 13 13 11 17 17 17 17 17 17 17 17 17 17 17 11 17 17 17 17 17 17 17 17 17 17 17 11 13 13 13 13 13 13 13 13 13 13 13 13 13 13 13 13 13 13 11 13 13 13 13 13 13 13 11 13 13 13 13 13 13 13 13 13 13 13 13 13 13 13 13 13 13 11
11 13 11 13 11 13 13 13 13 11 17 17 17 17 17 17 17 17 17 17 17 11 17 17 17 17 17 17 17 17 17 17 17 11 13 13 13 13 13 13 13 13 13 13 13 13 13 13 13 13 13 13 11 13 13 13 11 17 17 17 17 17 17 17 11 11 11 11 11 11 11 11 11 11 11 11 11 11 11 11
11 11 11 13 11 11 11 13 13 11 11 11 11 11 11 11 11 11 11 11 11 11 11 11 11 11 11 11 11 11 11 11 11 11 13 13 13 13 13 13 13 13 13 13 13 13 13 13 13 13 13 13 11 13 13 13 11 17 17 17 17 17 17 17 11 13 13 13 13 13 13 13 13 13 13 13 13 13 13 11
11 13 13 13 13 13 11 13 13 13 13 13 13 13 13 13 13 13 13 13 13 13 13 13 13 13 13 13 13 13 13 13 13 13 13 13 13 13 13 13 13 13 13 13 13 13 13 13 13 13 13 13 11 13 13 13 11 17 17 17 17 17 17 17 11 13 13 13 13 13 13 13 13 13 13 13 13 13 13 11
11 13 13 13 13 13 11 11 11 11 11 11 11 11 11 11 11 11 11 11 11 11 11 11 11 11 11 11 11 11 11 11 11 11 11 11 11 11 11 11 11 11 11 11 11 11 11 11 11 11 11 11 11 13 13 13 11 11 11 11 11 11 11 11 11 13 13 13 13 13 13 13 13 13 13 13 13 13 13 11
11 13 13 13 13 13 13 13 13 13 13 13 13 13 13 13 13 13 13 13 13 13 13 13 13 13 13 13 13 13 13 13 13 13 13 13 13 13 13 13 13 13 13 13 13 13 13 13 13 13 13 13 13 13 13 13 13 13 13 13 13 13 13 13 13 13 13 13 13 13 13 13 13 13 13 13 13 13 13 11
11 13 13 13 13 13 13 13 13 13 13 13 13 13 13 13 13 13 13 13 13 13 13 13 13 13 13 13 13 13 13 13 13 13 13 13 13 13 13 13 13 13 13 13 13 13 13 13 13 13 13 13 13 13 13 13 13 13 13 13 13 13 13 13 13 13 13 13 13 13 13 13 13 13 13 13 13 13 13 11
11 13 13 13 13 13 13 13 13 13 13 13 13 13 13 13 13 13 13 13 13 13 13 13 13 13 13 13 13 13 13 13 13 13 13 13 13 13 13 13 13 13 13 13 13 13 13 13 13 13 13 13 13 13 13 13 13 13 13 13 13 13 13 13 13 13 13 13 13 13 13 13 13 13 13 13 13 13 13 11
11 11 11 11 11 11 11 11 11 11 11 11 11 11 11 11 11 11 11 11 11 11 11 11 11 11 11 11 11 11 11 11 11 11 11 11 11 11 11 11 11 11 11 11 11 11 11 11 11 11 11 11 11 11 11 11 11 11 11 11 11 11 11 11 11 11 11 11 11 11 11 11 11 11 11 11 11 11 11 11